f(0.00000) =      inf  f control(0.00000) =      inf
f(0.78540) = -0.57080  f control(0.78540) = -0.57080
f(1.57080) = -3.14159  f control(1.57080) = -3.14159
f(2.35619) = -5.71239  f control(2.35619) = -5.71239
f(3.14159) =      inf  f control(3.14159) =      inf